1 436
10 700
11 715
13 951
26 254
34 252
35 645
56 92
59 563
68 603
71 789
74 236
77 573
80 419
81 255
84 1016
92 258
94 212
97 137
103 51
105 115
108 684
112 138
124 706
128 279
133 753
134 545
135 624
149 945
153 527
158 265
161 577
163 293
175 316
176 59
179 517
186 939
188 324
195 729
196 717
201 922
205 198
222 28
224 633
225 508
226 240
230 547
232 358
248 164
261 916
265 834
272 246
277 329
281 186
282 597
284 895
291 798
297 465
302 611
314 561
316 892
317 476
332 382
336 584
339 864
345 81
348 955
349 261
358 497
359 966
362 894
364 7
367 34
386 116
409 656
426 722
427 178
429 940
437 883
453 788
469 270
472 821
473 647
474 617
476 170
483 326
487 909
489 62
491 241
492 74
495 1015
498 763
499 910
501 779
505 860
506 971
520 980
529 14
536 936
539 272
544 902
548 529
549 719
553 596
554 748
555 426
557 667
561 88
562 312
563 927
564 444
577 289
583 868
590 425
607 631
629 613
632 762
635 356
636 699
639 45
640 809
642 920
645 506
663 490
667 692
673 570
674 112
675 388
680 796
690 208
691 431
699 680
700 489
701 543
709 350
714 846
732 875
734 124
737 26
739 20
741 970
750 155
758 544
760 41
762 682
763 562
765 386
768 233
769 638
772 1012
787 437
791 745
792 987
795 488
809 205
822 148
826 507
827 260
831 98
835 251
840 666
841 873
843 889
844 471
847 818
849 805
852 492
855 68
860 467
867 315
870 306
871 574
880 612
883 602
886 346
892 960
900 851
902 661
908 780
916 373
918 911
923 125
928 498
933 599
941 886
946 394
947 840
951 665
964 560
973 739
976 328
979 473
980 428
984 446
996 670
997 6
998 5
1000 664
1001 994
1004 185
1015 94
